0.073770 0.139344 0.057377 0.172131 0.221311 0.073770 0.065574 0.040984 0.106557 0.049180 
0.069767 0.081395 0.069767 0.116279 0.058140 0.139535 0.069767 0.186047 0.139535 0.069767 
0.059406 0.079208 0.049505 0.128713 0.207921 0.079208 0.069307 0.099010 0.128713 0.099010 
0.104762 0.066667 0.152381 0.142857 0.114286 0.085714 0.152381 0.057143 0.057143 0.066667 
0.137755 0.030612 0.163265 0.112245 0.056122 0.040816 0.280612 0.056122 0.076531 0.045918 
0.051546 0.072165 0.092784 0.082474 0.340206 0.072165 0.051546 0.113402 0.072165 0.051546 
0.067961 0.174757 0.213592 0.067961 0.058252 0.126214 0.058252 0.058252 0.106796 0.067961 
0.046296 0.055556 0.101852 0.055556 0.064815 0.083333 0.055556 0.333333 0.074074 0.129630 
0.090909 0.048951 0.048951 0.041958 0.055944 0.097902 0.069930 0.118881 0.034965 0.391608 
0.125000 0.105769 0.057692 0.076923 0.067308 0.067308 0.096154 0.067308 0.269231 0.067308 
0.070423 0.070423 0.070423 0.070423 0.070423 0.084507 0.070423 0.267606 0.140845 0.084507 
0.065574 0.098361 0.049180 0.262295 0.049180 0.049180 0.040984 0.172131 0.163934 0.049180 
0.134921 0.261905 0.071429 0.055556 0.079365 0.063492 0.095238 0.055556 0.126984 0.055556 
0.045643 0.045643 0.045643 0.033195 0.033195 0.360996 0.319502 0.029046 0.058091 0.029046 
0.153153 0.081081 0.153153 0.063063 0.126126 0.072072 0.072072 0.090090 0.099099 0.090090 
0.074766 0.056075 0.046729 0.065421 0.056075 0.467290 0.056075 0.084112 0.046729 0.046729 
0.038217 0.044586 0.127389 0.057325 0.095541 0.070064 0.312102 0.057325 0.152866 0.044586 
0.090164 0.163934 0.081967 0.073770 0.081967 0.065574 0.139344 0.049180 0.163934 0.090164 
0.050000 0.080000 0.060000 0.150000 0.060000 0.110000 0.190000 0.090000 0.140000 0.070000 
0.135593 0.144068 0.076271 0.084746 0.194915 0.076271 0.067797 0.076271 0.093220 0.050847 
0.050420 0.067227 0.109244 0.134454 0.302521 0.050420 0.109244 0.075630 0.058824 0.042017 
0.070796 0.035398 0.101770 0.066372 0.150442 0.026549 0.309735 0.048673 0.150442 0.039823 
0.112150 0.056075 0.168224 0.149533 0.046729 0.056075 0.065421 0.084112 0.065421 0.196262 
0.104167 0.109375 0.250000 0.072917 0.135417 0.041667 0.109375 0.046875 0.067708 0.062500 
0.074074 0.086420 0.061728 0.111111 0.061728 0.222222 0.074074 0.135802 0.111111 0.061728 
0.072289 0.108434 0.072289 0.084337 0.060241 0.192771 0.144578 0.108434 0.096386 0.060241 
0.132231 0.082645 0.123967 0.066116 0.099174 0.074380 0.206612 0.057851 0.099174 0.057851 
0.144330 0.092784 0.061856 0.092784 0.247423 0.051546 0.061856 0.103093 0.072165 0.072165 
0.282258 0.096774 0.072581 0.225806 0.056452 0.040323 0.064516 0.048387 0.064516 0.048387 
0.051724 0.094828 0.051724 0.068966 0.275862 0.077586 0.094828 0.086207 0.094828 0.103448 
0.140000 0.140000 0.140000 0.090000 0.140000 0.080000 0.050000 0.050000 0.100000 0.070000 
0.039062 0.046875 0.078125 0.101562 0.242188 0.085938 0.109375 0.070312 0.125000 0.101562 
0.070423 0.098592 0.070423 0.070423 0.225352 0.098592 0.084507 0.126761 0.070423 0.084507 
0.060000 0.160000 0.100000 0.080000 0.140000 0.080000 0.150000 0.090000 0.090000 0.050000 
0.128205 0.076923 0.192308 0.076923 0.064103 0.141026 0.064103 0.102564 0.076923 0.076923 
0.125000 0.090278 0.055556 0.076389 0.034722 0.048611 0.048611 0.368056 0.118056 0.034722 
0.112108 0.085202 0.116592 0.085202 0.035874 0.085202 0.363229 0.026906 0.049327 0.040359 
0.047619 0.174603 0.039683 0.055556 0.166667 0.158730 0.119048 0.063492 0.126984 0.047619 
0.114754 0.049180 0.098361 0.065574 0.081967 0.049180 0.229508 0.081967 0.155738 0.073770 
0.075000 0.075000 0.112500 0.112500 0.062500 0.100000 0.075000 0.237500 0.075000 0.075000 
0.316667 0.058333 0.058333 0.091667 0.075000 0.075000 0.050000 0.108333 0.083333 0.083333 
0.193548 0.104839 0.048387 0.064516 0.040323 0.120968 0.080645 0.072581 0.185484 0.088710 
0.056338 0.042254 0.042254 0.183099 0.105634 0.042254 0.056338 0.260563 0.154930 0.056338 
0.038462 0.027473 0.027473 0.060440 0.071429 0.137363 0.516484 0.049451 0.032967 0.038462 
0.070866 0.070866 0.086614 0.118110 0.047244 0.212598 0.165354 0.047244 0.125984 0.055118 
0.090909 0.077922 0.064935 0.142857 0.181818 0.064935 0.064935 0.168831 0.077922 0.064935 
0.068421 0.042105 0.278947 0.068421 0.068421 0.100000 0.205263 0.052632 0.073684 0.042105 
0.063063 0.099099 0.234234 0.108108 0.126126 0.054054 0.054054 0.054054 0.135135 0.072072 
0.203947 0.210526 0.046053 0.111842 0.039474 0.144737 0.059211 0.098684 0.046053 0.039474 
0.073529 0.102941 0.088235 0.073529 0.073529 0.205882 0.073529 0.088235 0.132353 0.088235 
0.091837 0.132653 0.132653 0.071429 0.224490 0.066327 0.102041 0.081633 0.051020 0.045918 
0.202020 0.050505 0.060606 0.101010 0.060606 0.060606 0.090909 0.131313 0.070707 0.171717 
0.080000 0.260000 0.070000 0.050000 0.090000 0.070000 0.100000 0.060000 0.140000 0.080000 
0.073529 0.051471 0.036765 0.161765 0.198529 0.088235 0.147059 0.036765 0.161765 0.044118 
0.070000 0.050000 0.140000 0.080000 0.060000 0.090000 0.050000 0.150000 0.160000 0.150000 
0.054545 0.100000 0.090909 0.054545 0.336364 0.081818 0.072727 0.081818 0.081818 0.045455 
0.060606 0.060606 0.171717 0.070707 0.232323 0.141414 0.080808 0.060606 0.060606 0.060606 
0.052356 0.031414 0.439791 0.036649 0.083770 0.062827 0.151832 0.052356 0.047120 0.041885 
0.059406 0.079208 0.059406 0.148515 0.069307 0.099010 0.069307 0.316832 0.049505 0.049505 
0.058824 0.168067 0.067227 0.058824 0.327731 0.075630 0.042017 0.067227 0.067227 0.067227 
0.058824 0.058824 0.068627 0.058824 0.284314 0.176471 0.049020 0.078431 0.107843 0.058824 
0.136364 0.113636 0.136364 0.068182 0.181818 0.079545 0.056818 0.068182 0.090909 0.068182 
0.077586 0.043103 0.094828 0.215517 0.120690 0.086207 0.051724 0.077586 0.189655 0.043103 
0.268116 0.043478 0.108696 0.101449 0.057971 0.101449 0.115942 0.072464 0.072464 0.057971 
0.171429 0.076190 0.085714 0.057143 0.047619 0.066667 0.057143 0.142857 0.152381 0.142857 
0.058252 0.077670 0.087379 0.048544 0.077670 0.300971 0.048544 0.087379 0.155340 0.058252 
0.111111 0.076923 0.051282 0.119658 0.059829 0.111111 0.239316 0.094017 0.085470 0.051282 
0.077778 0.077778 0.066667 0.166667 0.211111 0.088889 0.066667 0.100000 0.088889 0.055556 
0.162791 0.054264 0.046512 0.155039 0.054264 0.108527 0.046512 0.116279 0.046512 0.209302 
0.129412 0.141176 0.070588 0.105882 0.082353 0.176471 0.058824 0.070588 0.094118 0.070588 
0.097087 0.058252 0.077670 0.155340 0.048544 0.087379 0.184466 0.174757 0.058252 0.058252 
0.050000 0.080000 0.070000 0.070000 0.220000 0.080000 0.080000 0.190000 0.090000 0.070000 
0.115108 0.086331 0.079137 0.093525 0.122302 0.043165 0.035971 0.050360 0.064748 0.309353 
0.208163 0.061224 0.122449 0.187755 0.069388 0.032653 0.053061 0.126531 0.073469 0.065306 
0.057471 0.137931 0.126437 0.080460 0.057471 0.195402 0.057471 0.103448 0.126437 0.057471 
0.121951 0.097561 0.121951 0.085366 0.060976 0.073171 0.060976 0.231707 0.073171 0.073171 
0.046763 0.075540 0.082734 0.039568 0.165468 0.053957 0.312950 0.025180 0.068345 0.129496 
0.039474 0.059211 0.065789 0.052632 0.131579 0.046053 0.052632 0.046053 0.072368 0.434211 
0.064516 0.088710 0.048387 0.201613 0.080645 0.096774 0.201613 0.096774 0.080645 0.040323 
0.224299 0.084112 0.130841 0.046729 0.046729 0.093458 0.056075 0.084112 0.149533 0.084112 
0.074468 0.127660 0.053191 0.138298 0.212766 0.095745 0.063830 0.053191 0.106383 0.074468 
0.114583 0.197917 0.072917 0.062500 0.062500 0.104167 0.062500 0.104167 0.156250 0.062500 
0.079646 0.132743 0.053097 0.115044 0.053097 0.221239 0.097345 0.079646 0.115044 0.053097 
0.072917 0.083333 0.114583 0.125000 0.052083 0.052083 0.093750 0.104167 0.062500 0.239583 
0.039409 0.054187 0.142857 0.039409 0.054187 0.049261 0.482759 0.059113 0.039409 0.039409 
0.271889 0.046083 0.027650 0.184332 0.050691 0.041475 0.175115 0.073733 0.036866 0.092166 
0.135135 0.063063 0.072072 0.054054 0.045045 0.099099 0.045045 0.144144 0.054054 0.288288 
0.060000 0.120000 0.130000 0.070000 0.070000 0.200000 0.050000 0.150000 0.100000 0.050000 
0.056180 0.123596 0.134831 0.112360 0.202247 0.056180 0.056180 0.101124 0.089888 0.067416 
0.033113 0.125828 0.092715 0.046358 0.152318 0.092715 0.125828 0.059603 0.165563 0.105960 
0.054545 0.081818 0.109091 0.072727 0.063636 0.172727 0.190909 0.081818 0.109091 0.063636 
0.111111 0.080808 0.151515 0.060606 0.060606 0.060606 0.101010 0.090909 0.212121 0.070707 
0.048077 0.067308 0.105769 0.076923 0.048077 0.067308 0.048077 0.365385 0.115385 0.057692 
0.037879 0.090909 0.106061 0.181818 0.053030 0.045455 0.053030 0.250000 0.128788 0.053030 
0.077778 0.088889 0.166667 0.088889 0.055556 0.100000 0.111111 0.055556 0.166667 0.088889 
0.164062 0.085938 0.070312 0.109375 0.039062 0.062500 0.132812 0.132812 0.046875 0.156250 
0.364486 0.093458 0.046729 0.065421 0.065421 0.074766 0.065421 0.056075 0.102804 0.065421 
0.063291 0.177215 0.113924 0.063291 0.063291 0.139241 0.063291 0.075949 0.177215 0.063291 
0.142857 0.123810 0.152381 0.066667 0.085714 0.104762 0.066667 0.123810 0.066667 0.066667 
0.053571 0.044643 0.031250 0.071429 0.053571 0.031250 0.116071 0.031250 0.089286 0.477679 
0.061224 0.183673 0.061224 0.091837 0.122449 0.091837 0.153061 0.071429 0.071429 0.091837 
0.049020 0.098039 0.049020 0.215686 0.049020 0.215686 0.049020 0.049020 0.176471 0.049020 
0.077778 0.088889 0.122222 0.055556 0.133333 0.244444 0.066667 0.088889 0.066667 0.055556 
0.254902 0.147059 0.068627 0.049020 0.049020 0.068627 0.049020 0.166667 0.088235 0.058824 
0.138365 0.022013 0.182390 0.223270 0.047170 0.034591 0.248428 0.050314 0.037736 0.015723 
0.057471 0.183908 0.172414 0.068966 0.057471 0.114943 0.080460 0.137931 0.068966 0.057471 
0.275510 0.071429 0.051020 0.091837 0.051020 0.061224 0.061224 0.122449 0.112245 0.102041 
0.087379 0.203883 0.126214 0.077670 0.145631 0.048544 0.077670 0.077670 0.087379 0.067961 
0.103448 0.137931 0.094828 0.068966 0.060345 0.060345 0.068966 0.086207 0.051724 0.267241 
0.049020 0.058824 0.078431 0.088235 0.372549 0.058824 0.049020 0.078431 0.117647 0.049020 
0.094737 0.094737 0.052632 0.147368 0.210526 0.073684 0.052632 0.105263 0.063158 0.105263 
0.152000 0.028000 0.104000 0.040000 0.024000 0.048000 0.120000 0.032000 0.088000 0.364000 
0.141079 0.107884 0.078838 0.070539 0.053942 0.103734 0.273859 0.045643 0.058091 0.066390 
0.125000 0.187500 0.052083 0.062500 0.062500 0.062500 0.083333 0.197917 0.104167 0.062500 
0.054945 0.054945 0.098901 0.131868 0.054945 0.076923 0.065934 0.241758 0.164835 0.054945 
0.051852 0.118519 0.096296 0.051852 0.422222 0.096296 0.051852 0.037037 0.037037 0.037037 
0.136752 0.119658 0.102564 0.068376 0.153846 0.111111 0.059829 0.068376 0.136752 0.042735 
0.097222 0.048611 0.041667 0.131944 0.034722 0.069444 0.055556 0.090278 0.111111 0.319444 
0.194444 0.064815 0.083333 0.083333 0.101852 0.148148 0.055556 0.055556 0.120370 0.092593 
0.210526 0.060150 0.120301 0.187970 0.052632 0.097744 0.090226 0.060150 0.052632 0.067669 
0.116883 0.077922 0.064935 0.103896 0.103896 0.077922 0.064935 0.194805 0.129870 0.064935 
0.113475 0.063830 0.056738 0.141844 0.035461 0.070922 0.099291 0.141844 0.049645 0.226950 
0.091667 0.050000 0.058333 0.116667 0.141667 0.066667 0.125000 0.075000 0.208333 0.066667 
0.057471 0.183908 0.057471 0.068966 0.160920 0.068966 0.103448 0.080460 0.149425 0.068966 
0.109890 0.076923 0.175824 0.142857 0.054945 0.054945 0.054945 0.087912 0.153846 0.087912 
0.102941 0.088235 0.147059 0.080882 0.080882 0.058824 0.169118 0.051471 0.132353 0.088235 
0.216667 0.100000 0.083333 0.208333 0.066667 0.058333 0.050000 0.083333 0.041667 0.091667 
0.119565 0.135870 0.250000 0.065217 0.141304 0.038043 0.043478 0.038043 0.119565 0.048913 
0.082353 0.082353 0.129412 0.094118 0.129412 0.070588 0.094118 0.105882 0.152941 0.058824 
0.058824 0.129412 0.058824 0.082353 0.058824 0.247059 0.117647 0.129412 0.058824 0.058824 
0.045113 0.045113 0.045113 0.112782 0.293233 0.112782 0.157895 0.067669 0.067669 0.052632 
0.065217 0.043478 0.268116 0.123188 0.108696 0.050725 0.210145 0.043478 0.036232 0.050725 
0.050000 0.140000 0.070000 0.120000 0.070000 0.200000 0.060000 0.100000 0.100000 0.090000 
0.039370 0.220472 0.212598 0.125984 0.133858 0.039370 0.070866 0.062992 0.039370 0.055118 
0.027273 0.113636 0.072727 0.045455 0.054545 0.100000 0.454545 0.040909 0.027273 0.063636 
0.117647 0.094118 0.058824 0.117647 0.082353 0.211765 0.058824 0.082353 0.105882 0.070588 
0.101852 0.074074 0.101852 0.055556 0.046296 0.101852 0.064815 0.120370 0.101852 0.231481 
0.187500 0.106250 0.050000 0.143750 0.056250 0.187500 0.056250 0.062500 0.093750 0.056250 
0.113208 0.075472 0.113208 0.122642 0.179245 0.066038 0.047170 0.075472 0.150943 0.056604 
0.096386 0.120482 0.084337 0.108434 0.072289 0.204819 0.060241 0.120482 0.072289 0.060241 
0.043796 0.058394 0.182482 0.094891 0.364964 0.065693 0.043796 0.072993 0.036496 0.036496 
0.082192 0.095890 0.095890 0.095890 0.068493 0.123288 0.109589 0.164384 0.095890 0.068493 
0.048077 0.125000 0.057692 0.192308 0.057692 0.240385 0.086538 0.086538 0.057692 0.048077 
0.053191 0.148936 0.053191 0.159574 0.063830 0.255319 0.053191 0.063830 0.095745 0.053191 
0.076923 0.046154 0.146154 0.207692 0.138462 0.053846 0.153846 0.053846 0.061538 0.061538 
0.116071 0.116071 0.062500 0.080357 0.214286 0.044643 0.089286 0.125000 0.107143 0.044643 
0.053763 0.075269 0.086022 0.053763 0.053763 0.172043 0.064516 0.075269 0.301075 0.064516 
0.204380 0.072993 0.080292 0.145985 0.043796 0.065693 0.131387 0.051095 0.102190 0.102190 
0.052632 0.168421 0.073684 0.052632 0.052632 0.084211 0.052632 0.273684 0.126316 0.063158 
0.054945 0.120879 0.049451 0.137363 0.027473 0.038462 0.038462 0.032967 0.032967 0.467033 
0.044118 0.058824 0.301471 0.036765 0.183824 0.102941 0.088235 0.058824 0.080882 0.044118 
0.048295 0.045455 0.028409 0.068182 0.036932 0.017045 0.096591 0.034091 0.019886 0.605114 
0.056604 0.047170 0.075472 0.113208 0.047170 0.169811 0.122642 0.047170 0.235849 0.084906 
0.250000 0.056452 0.056452 0.120968 0.056452 0.048387 0.048387 0.137097 0.064516 0.161290 
0.050725 0.130435 0.043478 0.108696 0.036232 0.123188 0.086957 0.050725 0.304348 0.065217 
0.068182 0.125000 0.079545 0.125000 0.056818 0.079545 0.068182 0.238636 0.090909 0.068182 
0.061644 0.164384 0.041096 0.178082 0.232877 0.047945 0.041096 0.061644 0.130137 0.041096 
0.058252 0.116505 0.058252 0.087379 0.223301 0.067961 0.097087 0.087379 0.155340 0.048544 
0.120000 0.128000 0.120000 0.120000 0.128000 0.112000 0.072000 0.088000 0.064000 0.048000 
0.192118 0.049261 0.098522 0.226601 0.024631 0.044335 0.128079 0.083744 0.059113 0.093596 
0.053763 0.161290 0.053763 0.107527 0.064516 0.075269 0.064516 0.268817 0.064516 0.086022 
0.111111 0.074074 0.061728 0.123457 0.061728 0.086420 0.074074 0.209877 0.135802 0.061728 
0.100000 0.078571 0.300000 0.092857 0.064286 0.035714 0.164286 0.057143 0.057143 0.050000 
0.253731 0.067164 0.074627 0.141791 0.044776 0.082090 0.052239 0.052239 0.097015 0.134328 
0.170213 0.127660 0.063830 0.127660 0.063830 0.074468 0.074468 0.117021 0.074468 0.106383 
0.194245 0.093525 0.071942 0.057554 0.035971 0.043165 0.050360 0.143885 0.129496 0.179856 
0.134146 0.109756 0.085366 0.158537 0.060976 0.073171 0.073171 0.073171 0.158537 0.073171 
0.071429 0.119048 0.095238 0.107143 0.071429 0.166667 0.059524 0.119048 0.130952 0.059524 
0.092784 0.103093 0.123711 0.144330 0.051546 0.072165 0.072165 0.092784 0.185567 0.061856 
0.114754 0.106557 0.163934 0.049180 0.073770 0.057377 0.081967 0.049180 0.245902 0.057377 
0.022044 0.024048 0.024048 0.134269 0.012024 0.026052 0.126253 0.020040 0.026052 0.585170 
0.207207 0.234234 0.054054 0.117117 0.054054 0.045045 0.072072 0.045045 0.090090 0.081081 
0.226415 0.094340 0.066038 0.075472 0.066038 0.075472 0.047170 0.169811 0.094340 0.084906 
0.089109 0.059406 0.099010 0.069307 0.049505 0.089109 0.277228 0.108911 0.079208 0.079208 
0.058824 0.235294 0.058824 0.094118 0.200000 0.082353 0.058824 0.070588 0.082353 0.058824 
0.114583 0.072917 0.083333 0.083333 0.270833 0.052083 0.052083 0.093750 0.104167 0.072917 
0.072464 0.101449 0.086957 0.086957 0.072464 0.086957 0.072464 0.231884 0.101449 0.086957 
0.052632 0.070175 0.078947 0.052632 0.210526 0.280702 0.043860 0.052632 0.114035 0.043860 
0.060976 0.085366 0.060976 0.109756 0.121951 0.158537 0.097561 0.097561 0.134146 0.073171 
0.210526 0.090226 0.045113 0.218045 0.037594 0.045113 0.037594 0.105263 0.052632 0.157895 
0.054054 0.144144 0.189189 0.099099 0.162162 0.063063 0.063063 0.081081 0.063063 0.081081 
0.115789 0.242105 0.073684 0.052632 0.052632 0.168421 0.052632 0.084211 0.105263 0.052632 
0.073171 0.138211 0.065041 0.162602 0.089431 0.065041 0.081301 0.089431 0.178862 0.056911 
0.057143 0.095238 0.266667 0.123810 0.047619 0.047619 0.066667 0.085714 0.142857 0.066667 
0.053097 0.141593 0.168142 0.061947 0.185841 0.053097 0.044248 0.053097 0.168142 0.070796 
0.111111 0.055556 0.046296 0.064815 0.046296 0.129630 0.111111 0.074074 0.157407 0.203704 
0.117021 0.074468 0.063830 0.074468 0.265957 0.095745 0.053191 0.117021 0.074468 0.063830 
0.185567 0.046392 0.180412 0.082474 0.025773 0.051546 0.154639 0.041237 0.072165 0.159794 
0.198529 0.169118 0.095588 0.125000 0.036765 0.066176 0.117647 0.051471 0.066176 0.073529 
0.093750 0.093750 0.052083 0.072917 0.177083 0.062500 0.062500 0.104167 0.166667 0.114583 
0.272727 0.090909 0.079545 0.056818 0.068182 0.068182 0.068182 0.125000 0.090909 0.079545 
0.068627 0.088235 0.137255 0.225490 0.098039 0.088235 0.058824 0.058824 0.127451 0.049020 
0.068966 0.068966 0.068966 0.183908 0.068966 0.091954 0.057471 0.183908 0.149425 0.057471 
0.045198 0.090395 0.124294 0.039548 0.073446 0.129944 0.146893 0.045198 0.242938 0.062147 
0.057692 0.144231 0.163462 0.105769 0.076923 0.086538 0.076923 0.067308 0.153846 0.067308 
0.075000 0.075000 0.075000 0.062500 0.062500 0.062500 0.062500 0.262500 0.200000 0.062500 
0.034615 0.046154 0.069231 0.065385 0.023077 0.546154 0.115385 0.019231 0.046154 0.034615 
0.090909 0.109091 0.127273 0.090909 0.090909 0.109091 0.090909 0.109091 0.090909 0.090909 
0.064516 0.064516 0.064516 0.040323 0.290323 0.064516 0.129032 0.064516 0.177419 0.040323 
0.052632 0.096491 0.070175 0.192982 0.070175 0.175439 0.061404 0.166667 0.052632 0.061404 
0.068627 0.058824 0.166667 0.068627 0.098039 0.078431 0.117647 0.098039 0.186275 0.058824 
0.055046 0.183486 0.119266 0.073394 0.211009 0.082569 0.064220 0.073394 0.073394 0.064220 
0.370690 0.043103 0.060345 0.086207 0.060345 0.043103 0.112069 0.043103 0.094828 0.086207 
0.333333 0.052632 0.140351 0.061404 0.043860 0.078947 0.052632 0.096491 0.078947 0.061404 
0.184211 0.052632 0.114035 0.052632 0.043860 0.131579 0.052632 0.087719 0.122807 0.157895 
0.194690 0.088496 0.097345 0.159292 0.061947 0.079646 0.061947 0.053097 0.123894 0.079646 
0.037975 0.082278 0.050633 0.075949 0.050633 0.405063 0.037975 0.107595 0.037975 0.113924 
0.099010 0.108911 0.069307 0.198020 0.049505 0.079208 0.059406 0.207921 0.079208 0.049505 
0.145455 0.054545 0.100000 0.054545 0.045455 0.054545 0.045455 0.136364 0.181818 0.181818 
0.035971 0.043165 0.237410 0.043165 0.050360 0.230216 0.071942 0.043165 0.194245 0.050360 
0.076923 0.089744 0.102564 0.115385 0.205128 0.076923 0.064103 0.128205 0.064103 0.076923 
0.052083 0.083333 0.062500 0.072917 0.052083 0.260417 0.052083 0.125000 0.177083 0.062500 
0.202247 0.191011 0.078652 0.101124 0.056180 0.067416 0.056180 0.101124 0.067416 0.078652 
0.070000 0.060000 0.060000 0.280000 0.070000 0.100000 0.060000 0.070000 0.180000 0.050000 
0.244444 0.051852 0.044444 0.081481 0.037037 0.088889 0.037037 0.207407 0.162963 0.044444 
0.058480 0.070175 0.040936 0.064327 0.076023 0.087719 0.409357 0.111111 0.052632 0.029240 
0.228070 0.070175 0.078947 0.114035 0.061404 0.096491 0.096491 0.087719 0.061404 0.105263 
0.294737 0.063158 0.094737 0.105263 0.073684 0.052632 0.063158 0.094737 0.063158 0.094737 
0.048077 0.048077 0.230769 0.125000 0.173077 0.076923 0.048077 0.057692 0.125000 0.067308 
0.171642 0.186567 0.059701 0.082090 0.104478 0.052239 0.126866 0.067164 0.089552 0.059701 
0.043796 0.051095 0.087591 0.051095 0.051095 0.218978 0.211679 0.043796 0.175182 0.065693 
0.181818 0.090909 0.054545 0.154545 0.054545 0.109091 0.081818 0.063636 0.118182 0.090909 
0.113636 0.079545 0.113636 0.056818 0.272727 0.056818 0.056818 0.090909 0.079545 0.079545 
0.037879 0.034091 0.071970 0.041667 0.022727 0.026515 0.098485 0.026515 0.041667 0.598485 
0.091743 0.073394 0.183486 0.201835 0.045872 0.055046 0.110092 0.082569 0.100917 0.055046 
0.210526 0.078947 0.078947 0.061404 0.052632 0.061404 0.043860 0.157895 0.078947 0.175439 
0.318966 0.086207 0.051724 0.094828 0.060345 0.077586 0.051724 0.103448 0.112069 0.043103 
0.270833 0.052083 0.052083 0.104167 0.072917 0.114583 0.052083 0.062500 0.114583 0.104167 
0.142857 0.197802 0.065934 0.065934 0.065934 0.131868 0.054945 0.098901 0.098901 0.076923 
0.175676 0.054054 0.135135 0.168919 0.054054 0.040541 0.121622 0.067568 0.040541 0.141892 
0.051724 0.129310 0.086207 0.068966 0.215517 0.086207 0.112069 0.086207 0.086207 0.077586 
0.094118 0.141176 0.058824 0.094118 0.070588 0.247059 0.070588 0.082353 0.082353 0.058824 
0.058252 0.087379 0.048544 0.262136 0.048544 0.087379 0.048544 0.194175 0.116505 0.048544 
0.154639 0.061856 0.092784 0.051546 0.061856 0.123711 0.061856 0.113402 0.113402 0.164948 
0.241379 0.103448 0.060345 0.137931 0.060345 0.086207 0.068966 0.060345 0.103448 0.077586 
0.070000 0.090000 0.060000 0.090000 0.050000 0.350000 0.050000 0.050000 0.140000 0.050000 
0.074074 0.135802 0.061728 0.061728 0.061728 0.098765 0.061728 0.271605 0.074074 0.098765 
0.076389 0.048611 0.062500 0.062500 0.291667 0.062500 0.173611 0.076389 0.083333 0.062500 
0.057554 0.158273 0.179856 0.064748 0.230216 0.043165 0.093525 0.064748 0.050360 0.057554 
0.057692 0.057692 0.086538 0.067308 0.211538 0.201923 0.048077 0.134615 0.086538 0.048077 
0.032864 0.140845 0.079812 0.159624 0.244131 0.051643 0.046948 0.042254 0.154930 0.046948 
0.091954 0.068966 0.229885 0.103448 0.068966 0.137931 0.103448 0.068966 0.068966 0.057471 
0.130000 0.070000 0.070000 0.070000 0.050000 0.070000 0.070000 0.130000 0.150000 0.190000 
0.087379 0.126214 0.106796 0.116505 0.067961 0.087379 0.203883 0.067961 0.058252 0.077670 
0.077778 0.200000 0.122222 0.133333 0.055556 0.088889 0.055556 0.066667 0.122222 0.077778 
0.029412 0.068627 0.166667 0.049020 0.039216 0.303922 0.245098 0.044118 0.029412 0.024510 
0.326389 0.048611 0.048611 0.118056 0.034722 0.062500 0.069444 0.062500 0.048611 0.180556 
0.048544 0.135922 0.058252 0.048544 0.077670 0.058252 0.067961 0.368932 0.087379 0.048544 
0.058140 0.093023 0.058140 0.093023 0.069767 0.104651 0.069767 0.302326 0.069767 0.081395 
0.050000 0.090000 0.070000 0.090000 0.050000 0.350000 0.060000 0.070000 0.120000 0.050000 
0.062992 0.086614 0.062992 0.102362 0.393701 0.055118 0.062992 0.078740 0.055118 0.039370 
0.080460 0.068966 0.057471 0.057471 0.068966 0.126437 0.057471 0.275862 0.137931 0.068966 
0.024064 0.018717 0.012032 0.012032 0.009358 0.013369 0.042781 0.022727 0.042781 0.802139 
0.055556 0.076923 0.081197 0.059829 0.021368 0.068376 0.478632 0.051282 0.059829 0.047009 
0.172043 0.107527 0.086022 0.053763 0.053763 0.064516 0.064516 0.268817 0.053763 0.075269 
0.048387 0.096774 0.225806 0.064516 0.290323 0.072581 0.040323 0.048387 0.064516 0.048387 
0.095238 0.095238 0.059524 0.107143 0.190476 0.059524 0.083333 0.059524 0.178571 0.071429 
0.060241 0.060241 0.060241 0.204819 0.060241 0.216867 0.096386 0.108434 0.072289 0.060241 
0.074627 0.089552 0.119403 0.074627 0.179104 0.104478 0.074627 0.104478 0.089552 0.089552 
0.051020 0.091837 0.071429 0.051020 0.183673 0.275510 0.051020 0.081633 0.091837 0.051020 
0.144105 0.179039 0.074236 0.052402 0.021834 0.292576 0.109170 0.039301 0.056769 0.030568 
0.137931 0.062069 0.186207 0.041379 0.096552 0.062069 0.165517 0.041379 0.096552 0.110345 
0.125000 0.093750 0.039062 0.109375 0.054688 0.046875 0.062500 0.257812 0.046875 0.164062 
0.045045 0.054054 0.171171 0.117117 0.315315 0.063063 0.045045 0.072072 0.072072 0.045045 
0.125000 0.145833 0.145833 0.072917 0.052083 0.093750 0.083333 0.083333 0.114583 0.083333 
0.257576 0.121212 0.053030 0.068182 0.053030 0.121212 0.113636 0.083333 0.068182 0.060606 
0.257812 0.117188 0.070312 0.039062 0.046875 0.054688 0.039062 0.210938 0.070312 0.093750 
0.042017 0.058824 0.109244 0.159664 0.302521 0.075630 0.042017 0.050420 0.117647 0.042017 
0.076923 0.153846 0.054945 0.131868 0.054945 0.109890 0.076923 0.087912 0.186813 0.065934 
0.180723 0.066265 0.180723 0.192771 0.066265 0.060241 0.042169 0.054217 0.072289 0.084337 
0.044444 0.125926 0.207407 0.118519 0.133333 0.051852 0.037037 0.074074 0.170370 0.037037 
0.061856 0.092784 0.092784 0.134021 0.051546 0.051546 0.061856 0.237113 0.092784 0.123711 
0.121212 0.070707 0.111111 0.050505 0.070707 0.101010 0.060606 0.272727 0.080808 0.060606 
0.063158 0.115789 0.063158 0.063158 0.063158 0.073684 0.052632 0.294737 0.157895 0.052632 
0.054945 0.065934 0.109890 0.131868 0.065934 0.065934 0.109890 0.109890 0.230769 0.054945 
0.080808 0.070707 0.050505 0.080808 0.080808 0.101010 0.050505 0.212121 0.050505 0.222222 
0.051546 0.185567 0.072165 0.072165 0.082474 0.103093 0.051546 0.216495 0.092784 0.072165 
0.178947 0.063158 0.105263 0.052632 0.052632 0.073684 0.063158 0.115789 0.073684 0.221053 
0.109589 0.109589 0.034247 0.123288 0.041096 0.082192 0.150685 0.157534 0.157534 0.034247 
0.054545 0.063636 0.063636 0.109091 0.054545 0.400000 0.063636 0.063636 0.072727 0.054545 
0.288660 0.103093 0.103093 0.061856 0.051546 0.092784 0.082474 0.061856 0.082474 0.072165 
0.090164 0.049180 0.081967 0.122951 0.057377 0.049180 0.188525 0.081967 0.221311 0.057377 
0.061856 0.164948 0.051546 0.082474 0.206186 0.092784 0.061856 0.082474 0.134021 0.061856 
0.059524 0.071429 0.083333 0.154762 0.190476 0.095238 0.059524 0.142857 0.083333 0.059524 
0.179775 0.089888 0.050562 0.179775 0.039326 0.039326 0.112360 0.039326 0.095506 0.174157 
0.236641 0.053435 0.076336 0.145038 0.038168 0.076336 0.038168 0.213740 0.083969 0.038168 
0.076923 0.048951 0.048951 0.223776 0.048951 0.069930 0.076923 0.118881 0.188811 0.097902 
0.094737 0.242105 0.084211 0.084211 0.052632 0.200000 0.063158 0.052632 0.073684 0.052632 
0.075472 0.066038 0.103774 0.132075 0.056604 0.245283 0.103774 0.084906 0.075472 0.056604 
0.140351 0.025063 0.406015 0.067669 0.062657 0.020050 0.205514 0.017544 0.022556 0.032581 
0.156863 0.127451 0.068627 0.068627 0.245098 0.058824 0.088235 0.078431 0.049020 0.058824 
0.025253 0.095960 0.080808 0.045455 0.348485 0.035354 0.116162 0.040404 0.121212 0.090909 
0.068493 0.109589 0.136986 0.095890 0.191781 0.095890 0.068493 0.082192 0.082192 0.068493 
0.057471 0.114943 0.080460 0.103448 0.195402 0.091954 0.057471 0.114943 0.091954 0.091954 
0.192308 0.086538 0.048077 0.067308 0.144231 0.057692 0.076923 0.086538 0.182692 0.057692 
0.098901 0.131868 0.098901 0.065934 0.076923 0.076923 0.098901 0.109890 0.142857 0.098901 
0.138614 0.049505 0.049505 0.049505 0.059406 0.049505 0.049505 0.366337 0.059406 0.128713 
0.100000 0.075000 0.100000 0.100000 0.125000 0.075000 0.075000 0.062500 0.187500 0.100000 
0.068182 0.056818 0.068182 0.068182 0.068182 0.102273 0.147727 0.261364 0.079545 0.079545 
0.202703 0.101351 0.040541 0.141892 0.040541 0.054054 0.081081 0.074324 0.047297 0.216216 
0.061728 0.061728 0.098765 0.086420 0.074074 0.123457 0.061728 0.283951 0.086420 0.061728 
0.228814 0.076271 0.067797 0.144068 0.050847 0.050847 0.135593 0.067797 0.110169 0.067797 
0.174312 0.146789 0.064220 0.073394 0.055046 0.055046 0.055046 0.091743 0.064220 0.220183 
0.057851 0.066116 0.049587 0.082645 0.157025 0.041322 0.099174 0.057851 0.314050 0.074380 
0.054945 0.098901 0.109890 0.109890 0.065934 0.164835 0.098901 0.109890 0.076923 0.109890 
0.056180 0.056180 0.078652 0.078652 0.370787 0.067416 0.078652 0.078652 0.078652 0.056180 
0.072727 0.063636 0.090909 0.090909 0.309091 0.136364 0.054545 0.054545 0.054545 0.072727 
0.072727 0.072727 0.063636 0.136364 0.072727 0.063636 0.072727 0.281818 0.072727 0.090909 
0.260417 0.083333 0.114583 0.145833 0.072917 0.093750 0.052083 0.062500 0.062500 0.052083 
0.044643 0.089286 0.044643 0.053571 0.348214 0.071429 0.053571 0.044643 0.205357 0.044643 
0.072917 0.052083 0.072917 0.072917 0.218750 0.052083 0.062500 0.072917 0.260417 0.062500 
0.057471 0.103448 0.137931 0.137931 0.172414 0.080460 0.068966 0.103448 0.080460 0.057471 
0.050360 0.064748 0.165468 0.115108 0.237410 0.151079 0.050360 0.043165 0.071942 0.050360 
0.053191 0.074468 0.085106 0.191489 0.191489 0.085106 0.095745 0.106383 0.063830 0.053191 
0.078125 0.148438 0.046875 0.195312 0.054688 0.093750 0.187500 0.085938 0.062500 0.046875 
0.131313 0.121212 0.070707 0.111111 0.060606 0.070707 0.080808 0.212121 0.090909 0.050505 
0.081301 0.073171 0.056911 0.121951 0.048780 0.056911 0.056911 0.406504 0.048780 0.048780 
0.188889 0.144444 0.100000 0.100000 0.066667 0.066667 0.055556 0.088889 0.077778 0.111111 
0.092105 0.118421 0.078947 0.092105 0.065789 0.092105 0.065789 0.171053 0.065789 0.157895 
0.038674 0.038674 0.215470 0.071823 0.276243 0.027624 0.176796 0.049724 0.049724 0.055249 
0.074074 0.111111 0.086420 0.086420 0.172840 0.111111 0.074074 0.074074 0.123457 0.086420 
0.051546 0.082474 0.113402 0.072165 0.237113 0.092784 0.092784 0.103093 0.082474 0.072165 
0.064103 0.102564 0.128205 0.064103 0.192308 0.089744 0.076923 0.076923 0.089744 0.115385 
0.068441 0.098859 0.266160 0.148289 0.057034 0.117871 0.095057 0.064639 0.045627 0.038023 
0.280000 0.150000 0.100000 0.060000 0.050000 0.060000 0.060000 0.060000 0.130000 0.050000 
0.145455 0.109091 0.127273 0.072727 0.045455 0.090909 0.072727 0.090909 0.118182 0.127273 
0.040650 0.105691 0.121951 0.065041 0.073171 0.065041 0.357724 0.040650 0.073171 0.056911 
0.168317 0.158416 0.099010 0.158416 0.049505 0.079208 0.049505 0.049505 0.118812 0.069307 
0.040000 0.104000 0.064000 0.088000 0.040000 0.040000 0.056000 0.392000 0.056000 0.120000 
0.115942 0.072464 0.101449 0.065217 0.036232 0.086957 0.123188 0.043478 0.094203 0.260870 
0.115385 0.048077 0.086538 0.086538 0.057692 0.086538 0.048077 0.086538 0.134615 0.250000 
0.059322 0.220339 0.084746 0.118644 0.177966 0.059322 0.050847 0.084746 0.067797 0.076271 
0.049020 0.058824 0.088235 0.058824 0.078431 0.058824 0.049020 0.235294 0.245098 0.078431 
0.062500 0.083333 0.062500 0.062500 0.062500 0.072917 0.114583 0.083333 0.343750 0.052083 
0.183486 0.082569 0.110092 0.073394 0.073394 0.055046 0.045872 0.082569 0.128440 0.165138 
0.153333 0.120000 0.220000 0.120000 0.040000 0.053333 0.140000 0.053333 0.053333 0.046667 
0.212963 0.064815 0.101852 0.074074 0.157407 0.074074 0.083333 0.092593 0.083333 0.055556 
0.068966 0.137931 0.068966 0.126437 0.183908 0.080460 0.057471 0.160920 0.057471 0.057471 
0.037143 0.428571 0.062857 0.094286 0.025714 0.062857 0.137143 0.028571 0.080000 0.042857 
0.223529 0.094118 0.105882 0.070588 0.058824 0.141176 0.058824 0.082353 0.105882 0.058824 
0.060241 0.108434 0.060241 0.156627 0.060241 0.072289 0.072289 0.180723 0.168675 0.060241 
0.125000 0.055556 0.064815 0.041667 0.055556 0.148148 0.324074 0.092593 0.064815 0.027778 
0.065574 0.155738 0.081967 0.106557 0.040984 0.204918 0.073770 0.081967 0.114754 0.073770 
0.048077 0.057692 0.230769 0.125000 0.182692 0.076923 0.067308 0.067308 0.086538 0.057692 
0.141935 0.051613 0.032258 0.412903 0.032258 0.045161 0.077419 0.051613 0.103226 0.051613 
0.070423 0.098592 0.084507 0.126761 0.070423 0.140845 0.070423 0.112676 0.154930 0.070423 
0.093458 0.121495 0.084112 0.065421 0.149533 0.084112 0.121495 0.065421 0.158879 0.056075 
0.221239 0.097345 0.044248 0.123894 0.044248 0.097345 0.070796 0.070796 0.115044 0.115044 
0.070796 0.115044 0.176991 0.061947 0.194690 0.070796 0.106195 0.053097 0.106195 0.044248 
0.183007 0.143791 0.078431 0.137255 0.065359 0.052288 0.169935 0.045752 0.084967 0.039216 
0.203704 0.111111 0.101852 0.046296 0.055556 0.083333 0.046296 0.231481 0.046296 0.074074 
0.087838 0.040541 0.087838 0.209459 0.270270 0.054054 0.040541 0.054054 0.087838 0.067568 
0.169014 0.126761 0.077465 0.063380 0.239437 0.063380 0.042254 0.063380 0.105634 0.049296 
0.061728 0.098765 0.061728 0.172840 0.074074 0.172840 0.123457 0.086420 0.086420 0.061728 
0.068966 0.068966 0.043103 0.094828 0.043103 0.301724 0.198276 0.051724 0.068966 0.060345 
0.079646 0.106195 0.044248 0.088496 0.141593 0.070796 0.265487 0.053097 0.097345 0.053097 
0.063291 0.126582 0.126582 0.075949 0.189873 0.113924 0.063291 0.075949 0.088608 0.075949 
0.071429 0.119048 0.059524 0.130952 0.095238 0.083333 0.095238 0.178571 0.095238 0.071429 
0.065789 0.131579 0.078947 0.105263 0.184211 0.131579 0.065789 0.092105 0.065789 0.078947 
0.052174 0.052174 0.278261 0.060870 0.165217 0.052174 0.060870 0.052174 0.173913 0.052174 
0.096386 0.096386 0.060241 0.096386 0.060241 0.084337 0.060241 0.240964 0.144578 0.060241 
0.075000 0.241667 0.041667 0.116667 0.050000 0.100000 0.108333 0.116667 0.108333 0.041667 
0.044643 0.151786 0.116071 0.160714 0.196429 0.053571 0.080357 0.062500 0.053571 0.080357 
0.252174 0.078261 0.043478 0.052174 0.052174 0.104348 0.043478 0.086957 0.086957 0.200000 
0.057971 0.025362 0.072464 0.072464 0.141304 0.057971 0.398551 0.047101 0.072464 0.054348 
0.064000 0.104000 0.192000 0.088000 0.056000 0.056000 0.144000 0.096000 0.104000 0.096000 
0.155340 0.077670 0.077670 0.155340 0.058252 0.106796 0.048544 0.174757 0.097087 0.048544 
0.067568 0.094595 0.108108 0.081081 0.067568 0.121622 0.067568 0.256757 0.067568 0.067568 
0.051724 0.163793 0.258621 0.086207 0.051724 0.068966 0.094828 0.094828 0.086207 0.043103 
0.181818 0.102273 0.068182 0.102273 0.102273 0.056818 0.056818 0.090909 0.147727 0.090909 
0.072000 0.040000 0.040000 0.152000 0.096000 0.320000 0.040000 0.064000 0.096000 0.080000 
0.062500 0.100000 0.087500 0.087500 0.125000 0.087500 0.200000 0.100000 0.087500 0.062500 
0.060606 0.050505 0.101010 0.202020 0.050505 0.050505 0.050505 0.232323 0.151515 0.050505 
0.070707 0.222222 0.050505 0.050505 0.272727 0.050505 0.060606 0.080808 0.070707 0.070707 
0.040323 0.056452 0.112903 0.056452 0.217742 0.250000 0.048387 0.056452 0.112903 0.048387 
0.145833 0.055556 0.069444 0.173611 0.055556 0.055556 0.076389 0.215278 0.097222 0.055556 
0.097087 0.058252 0.116505 0.087379 0.048544 0.058252 0.058252 0.300971 0.126214 0.048544 
0.029703 0.049505 0.034653 0.039604 0.029703 0.039604 0.059406 0.039604 0.034653 0.643564 
0.410853 0.093023 0.062016 0.054264 0.046512 0.069767 0.046512 0.085271 0.046512 0.085271 
0.019651 0.024017 0.039301 0.082969 0.013100 0.034934 0.609170 0.013100 0.054585 0.109170 
0.267717 0.102362 0.078740 0.102362 0.078740 0.055118 0.110236 0.039370 0.094488 0.070866 
0.149123 0.210526 0.096491 0.114035 0.122807 0.061404 0.052632 0.070175 0.061404 0.061404 
0.216418 0.067164 0.052239 0.097015 0.059701 0.089552 0.074627 0.111940 0.104478 0.126866 
0.192771 0.084337 0.084337 0.096386 0.072289 0.120482 0.072289 0.096386 0.084337 0.096386 
0.050000 0.092857 0.200000 0.242857 0.057143 0.085714 0.078571 0.057143 0.085714 0.050000 
0.071429 0.059524 0.095238 0.107143 0.059524 0.107143 0.226190 0.083333 0.095238 0.095238 
0.114583 0.093750 0.052083 0.145833 0.177083 0.093750 0.062500 0.062500 0.114583 0.083333 
0.095238 0.047619 0.123810 0.085714 0.104762 0.066667 0.142857 0.085714 0.200000 0.047619 
0.056604 0.273585 0.056604 0.066038 0.150943 0.084906 0.056604 0.047170 0.150943 0.056604 
0.071429 0.196429 0.080357 0.071429 0.232143 0.053571 0.080357 0.062500 0.089286 0.062500 
0.074468 0.085106 0.106383 0.085106 0.148936 0.095745 0.095745 0.106383 0.148936 0.053191 
0.213740 0.114504 0.083969 0.091603 0.068702 0.053435 0.061069 0.068702 0.167939 0.076336 
0.200000 0.094737 0.052632 0.063158 0.157895 0.073684 0.073684 0.063158 0.136842 0.084211 
0.081633 0.204082 0.081633 0.091837 0.153061 0.051020 0.071429 0.051020 0.153061 0.061224 
0.250000 0.092593 0.120370 0.055556 0.138889 0.092593 0.055556 0.083333 0.055556 0.055556 
0.058252 0.058252 0.097087 0.087379 0.058252 0.106796 0.058252 0.097087 0.281553 0.097087 
0.050000 0.080000 0.090000 0.200000 0.240000 0.080000 0.090000 0.070000 0.050000 0.050000 
0.070707 0.060606 0.070707 0.060606 0.070707 0.232323 0.080808 0.080808 0.181818 0.090909 
0.265625 0.046875 0.125000 0.078125 0.039062 0.101562 0.070312 0.070312 0.101562 0.101562 
0.318584 0.053097 0.088496 0.061947 0.053097 0.061947 0.070796 0.079646 0.097345 0.115044 
0.044248 0.159292 0.097345 0.150442 0.238938 0.061947 0.070796 0.053097 0.053097 0.070796 
0.085366 0.268293 0.085366 0.085366 0.073171 0.073171 0.085366 0.109756 0.060976 0.073171 
0.073394 0.073394 0.045872 0.174312 0.055046 0.192661 0.073394 0.100917 0.165138 0.045872 
0.101010 0.080808 0.212121 0.111111 0.090909 0.080808 0.111111 0.080808 0.070707 0.060606 
0.183486 0.201835 0.110092 0.091743 0.055046 0.091743 0.055046 0.082569 0.045872 0.082569 
0.113043 0.069565 0.269565 0.052174 0.191304 0.069565 0.043478 0.086957 0.043478 0.060870 
0.067568 0.121622 0.094595 0.094595 0.202703 0.094595 0.067568 0.121622 0.067568 0.067568 
0.030675 0.067485 0.306748 0.061350 0.257669 0.030675 0.061350 0.036810 0.104294 0.042945 
0.122449 0.112245 0.061224 0.091837 0.071429 0.051020 0.061224 0.265306 0.061224 0.102041 
0.068493 0.068493 0.095890 0.041096 0.045662 0.082192 0.328767 0.059361 0.118721 0.091324 
0.065421 0.056075 0.046729 0.308411 0.074766 0.074766 0.065421 0.102804 0.149533 0.056075 
0.057692 0.057692 0.115385 0.067308 0.076923 0.211538 0.057692 0.144231 0.153846 0.057692 
0.162162 0.101351 0.074324 0.175676 0.040541 0.040541 0.047297 0.209459 0.081081 0.067568 
0.059829 0.170940 0.170940 0.068376 0.196581 0.068376 0.042735 0.051282 0.102564 0.068376 
0.076923 0.076923 0.092308 0.092308 0.076923 0.153846 0.076923 0.184615 0.092308 0.076923 
0.200000 0.063158 0.084211 0.094737 0.052632 0.105263 0.126316 0.094737 0.063158 0.115789 
0.085106 0.074468 0.063830 0.106383 0.074468 0.191489 0.170213 0.117021 0.053191 0.063830 
0.085106 0.170213 0.063830 0.074468 0.159574 0.095745 0.095745 0.106383 0.085106 0.063830 
0.101124 0.078652 0.089888 0.146067 0.202247 0.112360 0.067416 0.067416 0.067416 0.067416 
0.019108 0.028662 0.031847 0.194268 0.047771 0.474522 0.111465 0.025478 0.031847 0.035032 
0.113043 0.217391 0.095652 0.069565 0.095652 0.069565 0.165217 0.052174 0.060870 0.060870 
0.045455 0.084416 0.032468 0.084416 0.032468 0.038961 0.032468 0.084416 0.051948 0.512987 
0.160000 0.090000 0.080000 0.060000 0.100000 0.120000 0.220000 0.060000 0.060000 0.050000 
0.165289 0.099174 0.074380 0.099174 0.148760 0.041322 0.074380 0.107438 0.123967 0.066116 
0.077778 0.211111 0.100000 0.066667 0.188889 0.088889 0.055556 0.077778 0.066667 0.066667 
0.100000 0.054545 0.236364 0.054545 0.081818 0.063636 0.163636 0.054545 0.145455 0.045455 
0.125000 0.085938 0.062500 0.125000 0.085938 0.140625 0.109375 0.093750 0.117188 0.054688 
0.046729 0.205607 0.065421 0.093458 0.093458 0.084112 0.046729 0.252336 0.056075 0.056075 
0.077922 0.090909 0.077922 0.090909 0.077922 0.090909 0.077922 0.233766 0.103896 0.077922 
0.084906 0.141509 0.066038 0.056604 0.320755 0.066038 0.047170 0.094340 0.056604 0.066038 
0.089888 0.078652 0.078652 0.123596 0.235955 0.089888 0.056180 0.123596 0.067416 0.056180 
0.150538 0.139785 0.064516 0.053763 0.053763 0.107527 0.053763 0.172043 0.139785 0.064516 
0.065934 0.153846 0.054945 0.076923 0.054945 0.087912 0.054945 0.252747 0.142857 0.054945 
0.040323 0.024194 0.028226 0.096774 0.024194 0.024194 0.068548 0.056452 0.072581 0.564516 
0.053279 0.036885 0.069672 0.073770 0.028689 0.032787 0.127049 0.073770 0.065574 0.438525 
0.147059 0.068627 0.166667 0.107843 0.078431 0.049020 0.147059 0.068627 0.098039 0.068627 
0.200000 0.086275 0.278431 0.219608 0.054902 0.031373 0.031373 0.031373 0.027451 0.039216 
0.040984 0.049180 0.057377 0.049180 0.221311 0.278689 0.040984 0.065574 0.155738 0.040984 
0.272000 0.040000 0.168000 0.064000 0.048000 0.048000 0.048000 0.080000 0.072000 0.160000 
